Bi	Da	theta	zeta	epsilon	R
500	30000	0.24	250	0.0026	250e-6
500	30000	0.24	250	0.00026	250e-6
500	30000	0.24	250	0.000104	250e-6
500	30000	0.24	250	5.2e-5	250e-6
500	30000	0.24	250	0.000026	250e-6
500	30000	0.24	250	0.0000104	250e-6
500	30000	0.24	250	0.00000104	250e-6
500	1500000	0.24	250	5.2e-5	250e-6
500	150000	0.24	250	5.2e-5	250e-6
500	30000	0.24	250	5.2e-5	250e-6
500	6000	0.24	250	5.2e-5	250e-6
500	600	0.24	250	5.2e-5	250e-6
500	30000	0.048	250	5.2e-5	250e-6
500	30000	0.0048	250	5.2e-5	250e-6
1000000	30000	0.24	250	5.2e-5	250e-6
500	30000	0.24	250	5.2e-5	250e-6
100	30000	0.24	250	5.2e-5	250e-6
10	30000	0.24	250	5.2e-5	250e-6
500	30000	0.24	250	5.2e-5	0.0125
500	30000	0.24	250	5.2e-5	0.00125
500	30000	0.24	250	5.2e-5	500e-6
500	30000	0.24	250	5.2e-5	250e-6
500	30000	0.24	250	5.2e-5	125e-6
500	30000	0.24	250	5.2e-5	50e-6
500	30000	0.24	250	5.2e-5	5e-6